stock
824.56
850.09
865.19
877.56
881.91
881.83
903.84
886.86
855.13
844.88
819.55
800.94
762.13
787.8
785.92
771.25
789.25
817.06
821.25
819.63
831.06
860.31
858.02
872.7
881.91
887.55
876.02
897.27
904.44
928.58
936.19
938.23
949.23
945.31
943.09
953.16
938.48
961.27
964.77
939.42
963.98
972.44
955.13
929.19
953.16
964.94
991.05
989.69
972.27
916.2
928.5
963.05
963.98
980.89
966.47
946.25
942.58
941.98
942.48
947.09
954.41
971.44
967.67
994.06
1015.22
1014.14
993.44
1001.7
1007.02
1004.31
973.34
967.77
976.86
993.14
989.7
993.88
1006.56
999.33
967.66
953.48
954.16
924.66
937.41
953.58
945.2
926.45
899.27
884.23
853.88
851.59
840.94
849.98
868.72
850.66
851.03
837.61
866.81
857.13
844.08
878.14
882.61
888.22
868.72
869.67
873.09
861.02
838.95
845.89
842.66
845.03
836.66
827.63
826.77
815.16
804.89
795.84
823.34
822.77
836.84
838.09
843.42
852.64
854.45
865.77
835.91
828.77
816.88
795.56
796.91
813.17
811.94
799.66
828.39
832.19
811.83
803.45
777.2
829.44
884.89
895.05
915.75
930.45
927.61
906.27
944.27
1015.08
1034.13
1006.34
1065.48
1044.52
1027.5
1000
1031.09
1047.09
992.64
1035.05
1059.59
1044.89
1083.61
1068.06
1037.98
1062.64
1067.42
1087.44
1096.94
1135.06
1132.64
1116
1140.88
1143.3
1113.48
1156.64
1191.47
1208.41
1212.66
1219.72
1203.56
1229.02
1202.2
1185.5
1237.28
1245.69
1213.84
1220.66
1197.81
1227.86
1230.47
1197.81
1175.98
1206.5
1184.25
1216.16
1244.11
1229.47
1243.3
1241.97
1250.2
1259.66
1246.75
1243.8
1237.3
1232.52
1251.31
1275.61
1276.02
1273.78
1246.66
1254.98
1263.2
1269.05
1277.31
1269.38
1231.89
1212.31
1156.3
1158.7
1134.2
1154.63
1143.63
1166.05
1170.84
1174.63
1148.56
1130.97
1156.52
1163.53
1186.56
1165.52
1153.16
1113.8
1102.59
1133.84
1110.53
1131.63
1116.72
1134.28
1108.55
1111.64
1096.95
1134.61
1196.11
1198.98
1231.78
1226.92
1209.03
1200.31
1213.02
1212.12
1182.86
1177.23
1195.89
1216.44
1207.38
1233.22
1206.94
1201.52
1205.39
1171.59
1175.13
1208.05
1208.92
1198.88
1202.73
1230.69
1274.73
1287.88
1280.59
1297.92
1283.13
1281.03
1280.37
1261.7
1265.24
1264.91
1258.06
1259.94
1272.31
1278.49
1242.05
1249.78
1273.52
1303.76
1302.98
1320.56
1306.34
1297.38
1323.81
1326.39
1332.89
1357.97
1348.9
1347.45
1325.04
1316.98
1329.53
1331.09
1326.72
1319.44
1300.4
1312.05
1333.67
1326.72
1368.5
1367.16
1375.57
1403.44
1427.75
1439.22
1475.69
1484.4
1511.7
1542.43
1519.15
1546.67
1526.61
1527.29
1502.29
1558.94
1593.12
1629.93
1658.26
1696.9
1686.66
1745.45
1787.95
1810.7
1795.26
1778.62
1847.97
1829.61
1783.98
1775.3
1808.28
1775.17
1878.28
1863.29
1846.07
1868.94
1885.05
1909.03
1826.07
1774.18
1798.37
1779.39
1779.53
1844.49
1881.33
1904.53
1881.33
1879.5
1769.4
1803.29
1782.9
1803.85
1831.69
1808.35
1851.8
1899.04
1893.7
1826.63
1916.76
1947.27
1932.93
1918.31
1926.88
1895.95
1993.95
2035.01
2094.07
2163.39
2191.23
2171.96
2237.63
2226.24
2257.45
2268.98
2286.93
2363.49
2316.05
2372.16
2282.95
2285.94
2254.26
2342.19
2329.68
2215.87
2295.81
2320.69
2353.61
2407.35
2428.41
2409.76
2463.97
2483.74
2470.18
2539.54
2566.65
2669.32
2665.82
2701.85
2602.04
2549.27
2530.19
2585.67
2596.28
2551.08
2412.7
2027.85
1846.82
1945.29
1899.2
1939.16
1946.95
1848.97
1902.52
1974.47
2005.64
1950.1
2037.8
1924.73
1879.14
1911.14
1924.57
1962.04
2000.99
2039.95
2071.29
2074.27
2064.32
2067.64
1978.12
2061.67
2107.1
1985.41
2047.91
2036.31
1965.85
1951.09
1961.37
2064.01
2102.95
2131.4
2152.2
2121.98
2130.16
2104.37
2110.6
2053.7
2134.07
2034.14
2025.96
2026.67
2031.65
2065.79
2100.64
2090.5
2085.53
2106.51
2126.24
2137.27
2165.18
2156.83
2118.24
2038.58
2092.28
2114.51
2153.63
2134.25
2164.64
2166.43
2177.68
2206.43
2238.75
2265.89
2338.21
2343.21
2303.93
2283.93
2243.04
2295.54
2320.54
2263.21
2281.52
2304.8
2319.65
2386.91
2389.11
2393.7
2374.45
2462.43
2483.87
2480.15
2512.32
2503.36
2464.91
2504.74
2456.56
2532.63
2584.41
2613.05
2657.44
2686.08
2693.29
2678.11
2728.15
2719.79
2679.52
2683.89
2673.06
2771.09
2773.36
2643.65
2653.28
2645.9
2623.36
2632.58
2656.78
2688.78
2736.77
2761.09
2687.93
2724.4
2809.73
2750.64
2659.13
2604.5
2590.54
2640.09
2624.32
2583.56
2627.25
2669.59
2687.84
2727.93
2743.69
2719.37
2729.73
2732.88
2666.44
2689.64
2732.88
2819.68
2856.26
2878.56
2911.65
2929.95
2895.3
2862.13
2911.63
2932.67
2981.68
2930.94
2899.26
2734.9
2748.27
2560.15
2632.43
2628.22
2625.74
2557.43
2459.65
2489.36
2407.92
2387.87
2504.21
2442.33
2440.84
2559.65
2539.36
2535.15
2610.4
2622.28
2626.73
2637.13
2610.64
2470.3
2508.91
2619.06
2713.12
2830.94
2909.16
2899.01
2889.11
2973.27
2955.2
2872.03
2917.57
2926.73
2874.5
3004.46
2949.5
2930.2
2930.9
2865.38
2910.33
2969.59
3005.37
2961.99
2955.5
2913.01
2934.7
2944.77
2978.76
2966.23
3024.82
3026.61
3005.37
3001.79
3055.23
3008.5
2987.03
3017.89
3021.02
3012.52
2946.33
3061.72
3040.92
3071.78
3038.46
3065.3
2930.01
2900.04
2911.67
2865.38
2908.09
3050.98
3168.83
3203.94
3258.5
3255.81
3224.96
3257.6
3276.83
3230.32
3283.32
3268.56
3208.63
3254.25
3259.39
3249.33
3181.35
3353.76
3338.77
3333.18
3369.41
3391.98
3393.84
3370.44
3406.99
3343.22
3287.76
3290.7
3354.1
3293.28
3345.42
3277.61
3379.19
3365.14
3320.83
3307.06
3246.81
3290.31
3271.39
3319.21
3278.69
3271.66
3152.25
3195.48
3187.1
3251.4
3223.04
3240.33
3207.37
3266.26
3286.25
3323.81
3255.18
3313.54
3321.1
3305.16
3263.56
3241.95
3291.39
3373.79
3412.42
3312.19
3356.5
3404.04
3478.34
3426.74
3445.38
3435.11
3397.02
3455.65
3439.44
3413.5
3449.1
3482.31
3500.03
3540.16
3553.45
3511.93
3511.65
3466.81
3516.08
3475.67
3542.55
3555.4
3553.45
3552.05
3583.35
3604.86
3652.09
3645.1
3588.93
3633.65
3547.02
3566.3
3598.99
3603.19
3645.1
3664.66
3661.87
3663.55
3704.35
3687.58
3697.08
3734.53
3716.92
3762.19
3794.33
3798.82
3848.63
3884.37
3908
3975.54
3931.92
3937.27
3891.68
3831.74
3853.41
3848.15
3869.46
3626.75
3679.73
3661.47
3598.71
3699.54
3697.75
3629.04
3732.89
3755.3
3760.83
3749.45
3790.41
3724.77
3667.05
3674.5
3704.28
3727.27
3720.47
3792.66
3766.76
3776.48
3846.73
3913.42
3886.25
3895.33
3851.6
3878.18