Z D1 D2 D3 D4 D5 D6
959661             1 0 0 0 0 0
987148             0 1 0 0 0 0
1366690            0 0 1 0 0 0
784286             0 0 0 1 0 0
1003674            0 0 0 0 1 0
864871             0 0 0 0 0 1
706563             0 0 0 0 0 0
926905             1 0 0 0 0 0
944222             0 1 0 0 0 0
942708             0 0 1 0 0 0
944994             0 0 0 1 0 0
1039473            0 0 0 0 1 0
913044             0 0 0 0 0 1
674438             0 0 0 0 0 0
956627             1 0 0 0 0 0
916679             0 1 0 0 0 0
983866             0 0 1 0 0 0
964183             0 0 0 1 0 0
1126349            0 0 0 0 1 0
869324             0 0 0 0 0 1
730255             0 0 0 0 0 0
927384             1 0 0 0 0 0
796487             0 1 0 0 0 0
299717             0 0 1 0 0 0
545545             0 0 0 1 0 0
435664             0 0 0 0 1 0
708276             0 0 0 0 0 1
773859             0 0 0 0 0 0
826392             1 0 0 0 0 0
909999             0 1 0 0 0 0
978192             0 0 1 0 0 0
998877             0 0 0 1 0 0
1102730            0 0 0 0 1 0
1020118            0 0 0 0 0 1
934517             0 0 0 0 0 0
1017395            1 0 0 0 0 0
992924             0 1 0 0 0 0
1016025            0 0 1 0 0 0
1056089            0 0 0 1 0 0
1084782            0 0 0 0 1 0
980040             0 0 0 0 0 1
719978             0 0 0 0 0 0
1024323            1 0 0 0 0 0
1046286            0 1 0 0 0 0
1017344            0 0 1 0 0 0
998590             0 0 0 1 0 0
1083439            0 0 0 0 1 0
1164309            0 0 0 0 0 1
872587             0 0 0 0 0 0
964582             1 0 0 0 0 0
966003             0 1 0 0 0 0
978140             0 0 1 0 0 0
965528             0 0 0 1 0 0
1058327            0 0 0 0 1 0
1000013            0 0 0 0 0 1
828690             0 0 0 0 0 0
948801             1 0 0 0 0 0
968816             0 1 0 0 0 0
982017             0 0 1 0 0 0
975520             0 0 0 1 0 0
1073686            0 0 0 0 1 0
1045048            0 0 0 0 0 1
817262             0 0 0 0 0 0
950988             1 0 0 0 0 0
967774             0 1 0 0 0 0
995679             0 0 1 0 0 0
975173             0 0 0 1 0 0
1069974            0 0 0 0 1 0
911278             0 0 0 0 0 1
795086             0 0 0 0 0 0
971558             1 0 0 0 0 0
980821             0 1 0 0 0 0
998326             0 0 1 0 0 0
989474             0 0 0 1 0 0
1066777            0 0 0 0 1 0
1121354            0 0 0 0 0 1
793984             0 0 0 0 0 0
966592             1 0 0 0 0 0
975187             0 1 0 0 0 0
985444             0 0 1 0 0 0
976488             0 0 0 1 0 0
1081569            0 0 0 0 1 0
690516             0 0 0 0 0 1
734225             0 0 0 0 0 0
1025041            1 0 0 0 0 0
1032186            0 1 0 0 0 0
1058206            0 0 1 0 0 0
1039450            0 0 0 1 0 0
1168543            0 0 0 0 1 0
1141562            0 0 0 0 0 1
825722             0 0 0 0 0 0
981823             1 0 0 0 0 0
970251             0 1 0 0 0 0
982434             0 0 1 0 0 0
980270             0 0 0 1 0 0
1059885            0 0 0 0 1 0
870208             0 0 0 0 0 1
716023             0 0 0 0 0 0
962252             1 0 0 0 0 0
979038             0 1 0 0 0 0
976172             0 0 1 0 0 0
976210             0 0 0 1 0 0
1064558            0 0 0 0 1 0
1060476            0 0 0 0 0 1
833834             0 0 0 0 0 0
939469             1 0 0 0 0 0
940201             0 1 0 0 0 0
963734             0 0 1 0 0 0
954747             0 0 0 1 0 0
1051812            0 0 0 0 1 0
988592             0 0 0 0 0 1
821298             0 0 0 0 0 0
937042             1 0 0 0 0 0
940829             0 1 0 0 0 0
954800             0 0 1 0 0 0
945149             0 0 0 1 0 0
1044555            0 0 0 0 1 0
903673             0 0 0 0 0 1
803826             0 0 0 0 0 0
948187             1 0 0 0 0 0
957830             0 1 0 0 0 0
966226             0 0 1 0 0 0
956556             0 0 0 1 0 0
1050139            0 0 0 0 1 0
977630             0 0 0 0 0 1
811304             0 0 0 0 0 0
949047             1 0 0 0 0 0
944191             0 1 0 0 0 0
981772             0 0 1 0 0 0
982555             0 0 0 1 0 0
1095359            0 0 0 0 1 0
911785             0 0 0 0 0 1
720094             0 0 0 0 0 0
954070             1 0 0 0 0 0
957746             0 1 0 0 0 0
960909             0 0 1 0 0 0
950812             0 0 0 1 0 0
1051697            0 0 0 0 1 0
992834             0 0 0 0 0 1
817604             0 0 0 0 0 0
936393             1 0 0 0 0 0
942620             0 1 0 0 0 0
958714             0 0 1 0 0 0
989114             0 0 0 1 0 0
1072509            0 0 0 0 1 0
905668             0 0 0 0 0 1
808508             0 0 0 0 0 0
944277             1 0 0 0 0 0
949664             0 1 0 0 0 0
954574             0 0 1 0 0 0
947604             0 0 0 1 0 0
1040995            0 0 0 0 1 0
930221             0 0 0 0 0 1
742840             0 0 0 0 0 0
939218             1 0 0 0 0 0
954485             0 1 0 0 0 0
961005             0 0 1 0 0 0
963235             0 0 0 1 0 0
1063514            0 0 0 0 1 0
987923             0 0 0 0 0 1
798931             0 0 0 0 0 0
941465             1 0 0 0 0 0
945443             0 1 0 0 0 0
965186             0 0 1 0 0 0
969475             0 0 0 1 0 0
1040486            0 0 0 0 1 0
919325             0 0 0 0 0 1
752701             0 0 0 0 0 0
932734             1 0 0 0 0 0
966546             0 1 0 0 0 0
974027             0 0 1 0 0 0
958254             0 0 0 1 0 0
1033510            0 0 0 0 1 0
879104             0 0 0 0 0 1
721201             0 0 0 0 0 0
942914             1 0 0 0 0 0
571401             0 1 0 0 0 0
954476             0 0 1 0 0 0
929949             0 0 0 1 0 0
1019265            0 0 0 0 1 0
866298             0 0 0 0 0 1
726238             0 0 0 0 0 0
960573             1 0 0 0 0 0
951034             0 1 0 0 0 0
1031451            0 0 1 0 0 0
949323             0 0 0 1 0 0
902228             0 0 0 0 1 0
824052             0 0 0 0 0 1
744057             0 0 0 0 0 0
997758             1 0 0 0 0 0
1012410            0 1 0 0 0 0
1019775            0 0 1 0 0 0
1000682            0 0 0 1 0 0
1075968            0 0 0 0 1 0
965865             0 0 0 0 0 1
829167             0 0 0 0 0 0
1017624            1 0 0 0 0 0
1037072            0 1 0 0 0 0
1042116            0 0 1 0 0 0
1026876            0 0 0 1 0 0
1059144            0 0 0 0 1 0
939236             0 0 0 0 0 1
808103             0 0 0 0 0 0
983941             1 0 0 0 0 0
1017149            0 1 0 0 0 0
1024563            0 0 1 0 0 0
1017113            0 0 0 1 0 0
1068623            0 0 0 0 1 0
995264             0 0 0 0 0 1
831263             0 0 0 0 0 0
976347             1 0 0 0 0 0
996767             0 1 0 0 0 0
1009029            0 0 1 0 0 0
1019269            0 0 0 1 0 0
1067543            0 0 0 0 1 0
975221             0 0 0 0 0 1
819691             0 0 0 0 0 0
970260             1 0 0 0 0 0
979523             0 1 0 0 0 0
996829             0 0 1 0 0 0
1004076            0 0 0 1 0 0
1067462            0 0 0 0 1 0
945115             0 0 0 0 0 1
735723             0 0 0 0 0 0
997879             1 0 0 0 0 0
1013989            0 1 0 0 0 0
1010399            0 0 1 0 0 0
893430             0 0 0 1 0 0
1091466            0 0 0 0 1 0
959700             0 0 0 0 0 1
864203             0 0 0 0 0 0
1003072            1 0 0 0 0 0
997781             0 1 0 0 0 0
1026979            0 0 1 0 0 0
1001778            0 0 0 1 0 0
1030663            0 0 0 0 1 0
939904             0 0 0 0 0 1
855998             0 0 0 0 0 0
971133             1 0 0 0 0 0
165502             0 1 0 0 0 0
254647             0 0 1 0 0 0
1032356            0 0 0 1 0 0
1082664            0 0 0 0 1 0
903279             0 0 0 0 0 1
707398             0 0 0 0 0 0
923718             1 0 0 0 0 0
972598             0 1 0 0 0 0
987819             0 0 1 0 0 0
979881             0 0 0 1 0 0
1042788            0 0 0 0 1 0
904956             0 0 0 0 0 1
703435             0 0 0 0 0 0
965465             1 0 0 0 0 0
984099             0 1 0 0 0 0
1004715            0 0 1 0 0 0
987490             0 0 0 1 0 0
1072757            0 0 0 0 1 0
716911             0 0 0 0 0 1
605524             0 0 0 0 0 0
1013222            1 0 0 0 0 0
1022093            0 1 0 0 0 0
1015039            0 0 1 0 0 0
1034507            0 0 0 1 0 0
1117145            0 0 0 0 1 0
1033668            0 0 0 0 0 1
846165             0 0 0 0 0 0
1001269            1 0 0 0 0 0
1002623            0 1 0 0 0 0
1013626            0 0 1 0 0 0
1028493            0 0 0 1 0 0
1126676            0 0 0 0 1 0
916434             0 0 0 0 0 1
712901             0 0 0 0 0 0
1041085            1 0 0 0 0 0
698927             0 1 0 0 0 0
1019086            0 0 1 0 0 0
1010883            0 0 0 1 0 0
1109539            0 0 0 0 1 0
943727             0 0 0 0 0 1
794560             0 0 0 0 0 0
1001856            1 0 0 0 0 0
1013537            0 1 0 0 0 0
1028930            0 0 1 0 0 0
1030423            0 0 0 1 0 0
1135717            0 0 0 0 1 0
1033630            0 0 0 0 0 1
888219             0 0 0 0 0 0
1001033            1 0 0 0 0 0
1008254            0 1 0 0 0 0
1017024            0 0 1 0 0 0
1036287            0 0 0 1 0 0
1099956            0 0 0 0 1 0
1057686            0 0 0 0 0 1
898551             0 0 0 0 0 0
996216             1 0 0 0 0 0
1007946            0 1 0 0 0 0
1027937            0 0 1 0 0 0
1023258            0 0 0 1 0 0
1114632            0 0 0 0 1 0
1062950            0 0 0 0 0 1
733581             0 0 0 0 0 0
177905             1 0 0 0 0 0
1008852            0 1 0 0 0 0
1023205            0 0 1 0 0 0
1020112            0 0 0 1 0 0
1116663            0 0 0 0 1 0
998087             0 0 0 0 0 1
835371             0 0 0 0 0 0
997219             1 0 0 0 0 0
989393             0 1 0 0 0 0
1009612            0 0 1 0 0 0
1003208            0 0 0 1 0 0
1105089            0 0 0 0 1 0
1025918            0 0 0 0 0 1
843361             0 0 0 0 0 0
982230             1 0 0 0 0 0
982528             0 1 0 0 0 0
1005886            0 0 1 0 0 0
1037262            0 0 0 1 0 0
1136989            0 0 0 0 1 0
1068153            0 0 0 0 0 1
870810             0 0 0 0 0 0
999518             1 0 0 0 0 0
1002484            0 1 0 0 0 0
1029170            0 0 1 0 0 0
1025356            0 0 0 1 0 0
1147637            0 0 0 0 1 0
1063078            0 0 0 0 0 1
890549             0 0 0 0 0 0
1021559            1 0 0 0 0 0
994003             0 1 0 0 0 0
1007782            0 0 1 0 0 0
1005425            0 0 0 1 0 0
1098318            0 0 0 0 1 0
955936             0 0 0 0 0 1
825845             0 0 0 0 0 0
993419             1 0 0 0 0 0
1007070            0 1 0 0 0 0
1016060            0 0 1 0 0 0
1002557            0 0 0 1 0 0
1086861            0 0 0 0 1 0
720395             0 0 0 0 0 1
989183             0 0 0 0 0 0
1022187            1 0 0 0 0 0
1022650            0 1 0 0 0 0
1040374            0 0 1 0 0 0
1037798            0 0 0 1 0 0
1158060            0 0 0 0 1 0
1064083            0 0 0 0 0 1
922219             0 0 0 0 0 0
995573             1 0 0 0 0 0
1012789            0 1 0 0 0 0
1029821            0 0 1 0 0 0
1023496            0 0 0 1 0 0
1130237            0 0 0 0 1 0
1113121            0 0 0 0 0 1
867712             0 0 0 0 0 0
1009020            1 0 0 0 0 0
998681             0 1 0 0 0 0
1030931            0 0 1 0 0 0
1034909            0 0 0 1 0 0
1215821            0 0 0 0 1 0
1057159            0 0 0 0 0 1
823056             0 0 0 0 0 0
1006506            1 0 0 0 0 0
1013054            0 1 0 0 0 0
1035716            0 0 1 0 0 0
1033898            0 0 0 1 0 0
1422818            0 0 0 0 1 0
863490             0 0 0 0 0 1
714861             0 0 0 0 0 0
980320             1 0 0 0 0 0
980261             0 1 0 0 0 0
1002797            0 0 1 0 0 0
1000437            0 0 0 1 0 0
1088225            0 0 0 0 1 0
930292             0 0 0 0 0 1
744219             0 0 0 0 0 0
979387             1 0 0 0 0 0
975701             0 1 0 0 0 0
991813             0 0 1 0 0 0
972362             0 0 0 1 0 0
1101311            0 0 0 0 1 0
886883             0 0 0 0 0 1
733122             0 0 0 0 0 0
981849             1 0 0 0 0 0
946134             0 1 0 0 0 0
1043245            0 0 1 0 0 0
1082346            0 0 0 1 0 0
1103472            0 0 0 0 1 0
959556             0 0 0 0 0 1
817729             0 0 0 0 0 0
1007132            1 0 0 0 0 0
1026131            0 1 0 0 0 0
1021685            0 0 1 0 0 0
1019264            0 0 0 1 0 0
1084998            0 0 0 0 1 0
947841             0 0 0 0 0 1
786376             0 0 0 0 0 0
