# 2008 台灣 15 歲以上男性婚姻狀態                             
city     unmarried married  divorced widowed  
臺北縣   637368   818793   104489   25693
宜蘭縣   71035    107117   12307    5429
桃園縣   295943   427139   52584    13929
新竹縣   69957    119320   12243    5417
苗栗縣   85526    134653   14184    7680
臺中縣   248357   344668   34468    15005
彰化縣   203853   311580   24876    15413
南投縣   81591    126201   14467    7707
雲林縣   103481   184870   17622    11062
嘉義縣   80440    139453   14572    8756
臺南縣   173075   260981   28935    15323
高雄縣   203865   283640   36004    13846
屏東縣   140445   202809   26917    12254
臺東縣   40960    49178    8696     3270
花蓮縣   59123    71455    13218    4149
澎湖縣   14441    22358    2561     1421
基隆市   64296    83714    13318    3636
新竹市   58545    88596    9531     3284
臺中市   158887   219307   28589    7242
嘉義市   41600    57474    6666     2669
臺南市   125453   162218   19653    6937
臺北市   394859   578989   63498    20935
高雄市   246285   323007   45210    13910
金門縣   11964    23376    2249     794
連江縣   1548     2902     358       80
