# 2008 台灣 15 歲以上女性婚姻狀態                             
city       unmarried married  divorced widowed  
臺北縣      543174   827473   126557   121494
宜蘭縣      56004    98737    11399    22249
桃園縣      237851   422715   60684    61695
新竹縣      52765    111944   11788    18552
苗栗縣      65136    119849   12211    25594
臺中縣      199040   337385   36092    55607
彰化縣      159841   288130   21760    57826
南投縣      62353    113063   12712    26887
雲林縣      78748    155479   13161    40665
嘉義縣      59567    120412   10785    30263
臺南縣      133656   244759   27898    52457
高雄縣      156635   267598   34667    51632
屏東縣      105350   187474   23578    43605
臺東縣      26081    44101    7846     13473
花蓮縣      41160    65982    12698    17674
澎湖縣      11091    20365    2064     5036
基隆市      51453    79712    14227    17330
新竹市      48647    90412    10847    14076
臺中市      146262   230629   39324    32279
嘉義市      35812    58515    8348     11165
臺南市      108454   163828   24472    28182
臺北市      385353   591588   80825    98713
高雄市      212854   324075   55452    57014
金門縣      10044    18887    1535     3811
連江縣      1000     1839     171       415
                                  